x=[1:1:1000];

A1=[100, 112.866908107858, 141.074978212636, 115.443864283774, 102.008674410229, 89.5119897458392, 68.9045281080629, 81.6926982431437, 95.962130417163, 108.249262588828, 125.631031310892, 121.606386816299, 106.109615761988, 93.890384238012, 78.3936131837009, 74.368968689108, 91.7507374111719, 104.037869582837, 118.307301756856, 131.095471891937, 110.488010254161, 97.9913255897706, 84.5561357162263, 58.9250217873636, 87.1330918921417, 100, 112.866908107858, 141.074978212637, 115.443864283774, 102.008674410229, 89.5119897458391, 68.9045281080628, 81.6926982431438, 95.962130417163, 108.249262588828, 125.631031310892, 121.606386816299, 106.109615761988, 93.890384238012, 78.3936131837008, 74.3689686891079, 91.7507374111719, 104.037869582837, 118.307301756856, 131.095471891937, 110.488010254161, 97.9913255897706, 84.5561357162264, 58.9250217873636, 87.1330918921417, 100, 112.866908107858, 141.074978212637, 115.443864283774, 102.008674410229, 89.5119897458391, 68.9045281080628, 81.6926982431436, 95.962130417163, 108.249262588828, 125.631031310892, 121.606386816299, 106.109615761988, 93.8903842380121, 78.3936131837008, 74.3689686891079, 91.7507374111719, 104.037869582837, 118.307301756856, 131.095471891937, 110.488010254161, 97.9913255897705, 84.5561357162262, 58.9250217873645, 87.1330918921417, 100, 112.866908107858, 141.074978212636, 115.443864283774, 102.008674410229, 89.5119897458392, 68.9045281080625, 81.6926982431438, 95.9621304171631, 108.249262588828, 125.631031310892, 121.606386816299, 106.109615761988, 93.890384238012, 78.3936131837008, 74.3689686891084, 91.750737411172, 104.037869582837, 118.307301756857, 131.095471891937, 110.488010254161, 97.9913255897706, 84.5561357162264, 58.9250217873643, 87.1330918921417, 100, 112.866908107858, 141.074978212637, 115.443864283774, 102.008674410229, 89.5119897458391, 68.9045281080629, 81.6926982431436, 95.9621304171631, 108.249262588828, 125.631031310892, 121.606386816299, 106.109615761988, 93.8903842380118, 78.393613183701, 74.3689686891081, 91.7507374111719, 104.037869582837, 118.307301756856, 131.095471891937, 110.488010254161, 97.9913255897705, 84.556135716226, 58.9250217873633, 87.1330918921418, 100, 112.866908107858, 141.074978212638, 115.443864283774, 102.008674410229, 89.5119897458393, 68.9045281080618, 81.6926982431438, 95.9621304171632, 108.249262588828, 125.631031310892, 121.606386816299, 106.109615761988, 93.890384238012, 78.3936131837009, 74.3689686891078, 91.750737411172, 104.037869582837, 118.307301756856, 131.095471891937, 110.488010254161, 97.9913255897704, 84.5561357162261, 58.925021787364, 87.1330918921417, 99.9999999999999, 112.866908107859, 141.074978212637, 115.443864283773, 102.00867441023, 89.5119897458391, 68.9045281080623, 81.6926982431439, 95.9621304171631, 108.249262588828, 125.631031310892, 121.606386816299, 106.109615761988, 93.8903842380121, 78.3936131837007, 74.3689686891086, 91.7507374111721, 104.037869582837, 118.307301756856, 131.095471891937, 110.488010254161, 97.9913255897703, 84.5561357162263, 58.9250217873649, 87.1330918921415, 100, 112.866908107859, 141.074978212639, 115.443864283774, 102.00867441023, 89.5119897458388, 68.9045281080627, 81.6926982431441, 95.9621304171629, 108.249262588828, 125.631031310893, 121.606386816298, 106.109615761988, 93.8903842380122, 78.3936131837009, 74.3689686891083, 91.7507374111722, 104.037869582837, 118.307301756857, 131.095471891938, 110.48801025416, 97.9913255897704, 84.5561357162265, 58.925021787364, 87.1330918921419, 100, 100.501378165174, 101.003071669295, 101.505397241997, 102.008674410229, 102.513226937101, 103.019384309936, 103.527483295617, 104.037869582837, 104.550899532823, 105.066942062716, 105.586380688949, 106.109615761988, 106.637066928736, 107.169175865024, 107.706409328151, 108.249262588828, 108.798263313465, 109.35397598229, 109.917006946949, 110.488010254161, 111.067694391113, 111.656830145424, 112.256259820333, 112.866908107858, 113.489795003922, 114.126051256802, 114.776936983704, 115.443864283774, 116.128424940365, 116.832424671458, 117.557925901025, 118.307301756856, 119.083305062924, 119.889157664195, 120.728667789876, 121.606386816299, 122.527822580776, 123.499735841322, 124.530562400732, 125.631031310892, 126.815100673804, 128.101431206193, 129.515820563583, 131.095471891937, 132.897072539029, 135.013721425043, 137.615872163025, 141.074978212636, 146.526957480817, Inf, 146.526957480817, 141.074978212636, 137.615872163025, 135.013721425043, 132.897072539029, 131.095471891937, 129.515820563583, 128.101431206193, 126.815100673804, 125.631031310892, 124.530562400732, 123.499735841322, 122.527822580776, 121.606386816299, 120.728667789876, 119.889157664195, 119.083305062924, 118.307301756856, 117.557925901025, 116.832424671458, 116.128424940365, 115.443864283774, 114.776936983704, 114.126051256802, 113.489795003922, 112.866908107858, 112.256259820333, 111.656830145424, 111.067694391113, 110.488010254161, 109.917006946949, 109.35397598229, 108.798263313465, 108.249262588828, 107.706409328151, 107.169175865024, 106.637066928736, 106.109615761988, 105.586380688949, 105.066942062716, 104.550899532823, 104.037869582837, 103.527483295617, 103.019384309936, 102.513226937101, 102.008674410229, 101.505397241997, 101.003071669295, 100.501378165174, 100, 99.4986218348258, 98.9969283307053, 98.4946027580034, 97.9913255897706, 97.4867730628985, 96.9806156900645, 96.4725167043828, 95.962130417163, 95.449100467177, 94.933057937284, 94.4136193110509, 93.890384238012, 93.3629330712637, 92.8308241349761, 92.2935906718486, 91.7507374111719, 91.2017366865353, 90.6460240177098, 90.0829930530509, 89.5119897458392, 88.9323056088865, 88.3431698545757, 87.7437401796675, 87.1330918921417, 86.5102049960784, 85.8739487431983, 85.2230630162957, 84.5561357162263, 83.8715750596352, 83.1675753285417, 82.4420740989754, 81.6926982431437, 80.9166949370761, 80.1108423358049, 79.2713322101242, 78.3936131837009, 77.472177419224, 76.5002641586782, 75.4694375992678, 74.368968689108, 73.1848993261957, 71.8985687938073, 70.4841794364166, 68.9045281080629, 67.1029274609706, 64.9862785749566, 62.384127836975, 58.9250217873636, 53.4730425191828, -Inf, 53.4730425191837, 58.9250217873636, 62.384127836975, 64.9862785749566, 67.1029274609705, 68.9045281080629, 70.4841794364166, 71.8985687938074, 73.1848993261957, 74.368968689108, 75.4694375992678, 76.5002641586782, 77.472177419224, 78.3936131837009, 79.2713322101242, 80.1108423358049, 80.9166949370761, 81.6926982431437, 82.4420740989754, 83.1675753285417, 83.8715750596352, 84.5561357162263, 85.2230630162957, 85.8739487431983, 86.5102049960784, 87.1330918921417, 87.7437401796675, 88.3431698545757, 88.9323056088865, 89.5119897458392, 90.0829930530509, 90.6460240177098, 91.2017366865353, 91.7507374111719, 92.2935906718487, 92.8308241349761, 93.3629330712637, 93.890384238012, 94.4136193110509, 94.933057937284, 95.449100467177, 95.962130417163, 96.4725167043828, 96.9806156900645, 97.4867730628985, 97.9913255897706, 98.4946027580034, 98.9969283307053, 99.4986218348258, 100, 100.501378165174, 101.003071669295, 101.505397241997, 102.008674410229, 102.513226937101, 103.019384309936, 103.527483295617, 104.037869582837, 104.550899532823, 105.066942062716, 105.586380688949, 106.109615761988, 106.637066928736, 107.169175865024, 107.706409328151, 108.249262588828, 108.798263313465, 109.35397598229, 109.917006946949, 110.488010254161, 111.067694391113, 111.656830145424, 112.256259820333, 112.866908107858, 113.489795003922, 114.126051256802, 114.776936983704, 115.443864283774, 116.128424940365, 116.832424671458, 117.557925901025, 118.307301756856, 119.083305062924, 119.889157664195, 120.728667789876, 121.606386816299, 122.527822580776, 123.499735841322, 124.530562400732, 125.631031310892, 126.815100673804, 128.101431206193, 129.515820563583, 131.095471891937, 132.897072539029, 135.013721425043, 137.615872163025, 141.074978212636, 146.526957480817, Inf, 146.526957480817, 141.074978212636, 137.615872163025, 